1 0 0 0 1 0 0 0 1 
-0.285027 0.00121196 -0.958518 -0.000630914 0.999998 0.00145212 0.95852 0.00101858 -0.285025 
0.430968 0.00867206 -0.902326 -0.00691841 0.999955 0.0063061 0.902341 0.00352496 0.43101 
0.75471 -0.0726296 0.652025 0.0771788 0.996781 0.0216986 -0.651503 0.0339464 0.757886 
0.835206 -0.506559 0.214076 0.00711545 0.399196 0.916837 -0.549892 -0.764225 0.337015 
0.999763 3.29546e-05 -0.0217821 0.0217806 -0.0134374 0.999673 -0.000260189 -0.999911 -0.0134351 
0.992707 -0.100369 0.0667785 -0.0228627 0.387137 0.92174 -0.118366 -0.916545 0.382019 
-0.143934 0.88873 -0.435248 0.0414633 0.444858 0.894641 0.98872 0.110722 -0.100881 
